
100,424,458,494,488,674,10071,10055,10209,10286,10297,10300,10499,10812,10963,10499,10783,10922

1.難度一 
100, 272, 458, 476, 477, 494, 579, 591, 10018, 10035, 10038, 10055, 10062, 10071, 10082, 10107, 10141, 10209, 10300, 10340, 10499, 10550

【簡單題】站長分類，共25題
264, 272, 369, 382, 408, 455, 458, 494, 550, 579, 591, 834, 10055, 10071, 10110，10195, 10286, 10297, 10300, 10302, 10327, 10346, 10493, 10499, 10550 

2.難度二
101, 102, 107, 113, 118, 127, 145, 155, 170, 253, 256, 264, 294, 340, 343, 350, 355, 356, 357, 382, 386, 392, 402, 406, 412, 445, 446, 478, 482, 483, 484, 490, 492, 498, 516, 530, 543, 555, 568, 573, 576, 587, 612, 661, 679, 686, 694, 729, 825, 834, 846, 10008, 10010, 10014, 10015, 10041, 10056, 10105, 10106, 10112, 10161, 10167, 10188, 10189, 10193, 10196, 10200, 10219, 10223, 10235, 10242, 10258, 10268, 10284, 10286, 10287, 10295, 10298, 10302, 10310, 10326, 10327, 10346, 10361, 10365, 10377, 10409, 10443, 10489, 10491, 10515, 10573, 10591, 10622

3.難度三
103, 105, 108, 111, 112, 115, 116, 120, 122, 124, 128, 131, 136, 138, 142, 146, 153, 161, 167, 190, 191, 195, 200, 202, 216, 245, 254, 257, 270, 271, 273, 290, 291, 305, 306, 311, 315, 332, 333, 336, 348, 369, 374, 375, 378, 409, 417, 424, 429, 435, 437, 438, 439, 441, 442, 451, 455, 459, 471, 474, 485, 489, 495, 496, 497, 514, 524, 532, 534, 536, 537, 544, 548, 562, 572, 574, 583, 598, 615, 619, 623, 624, 640, 668, 673, 674, 699, 706, 713, 725, 748, 750, 755, 762, 763, 793, 847, 861, 10000, 10003, 10004, 10006, 10017, 10025, 10026, 10032, 10034, 10042, 10048, 10049, 10063, 10066, 10067, 10074, 10079, 10083, 10093, 10098, 10099, 10102, 10104, 10110, 10120, 10126, 10127, 10131, 10137, 10139, 10140, 10147, 10152, 10154, 10162, 10165, 10168, 10170, 10176, 10179, 10182, 10183, 10191, 10195, 10199, 10212, 10215, 10220, 10226, 10229, 10232, 10233, 10257, 10276, 10282, 10283, 10285, 10289, 10297, 10299, 10305, 10311, 10315, 10324, 10329, 10334, 10336, 10338, 10344, 10345, 10359, 10374, 10375, 10386, 10391, 10392, 10393, 10394, 10404, 10405, 10407, 10408, 10450, 10465, 10474, 10484, 10487, 10496, 10518, 10519, 10527, 10533, 10539, 10551, 10566 

吳承暾100 133 160 272 406 424 444 445 455 458 483 494 579 583 591 673 10008 10018 10035 10038 10055 10071 10079 10106 10107 10300 10340 10346 10515 10530 10550 10591
劉南宏100 160 202 272 275 299 344 392 414 439 444 445 446 458 483 490 495 532 575 579 583 623 673 10035 10055 10071 10127 10220 10235 10300 10334 10340 10696 
柯瑾諭100 113 264 369 488 494 579 591 10055 10071 10079 10209 10300 10550 10696 10812 
何書賢100 113 138 264 272 369 371 382 408 424 458 476 477 478 494 579 583 591 621 686 694 880 10018 10035 10038 10055 10071 10079 10082 10107 10195 10209 10222 10235 10286 10300 10302 10346 10370 10432 10499 10515 10550 10783 10789 10812 10921 10922 10924 10929 10931 11000 
呂建宏100 113 136 138 147 264 272 294 299 340 357 382 424 443 445 446 458 476 483 484 494 495 530 543 562 568 573 576 579 591 673 674 686 713 10018 10035 10038 10055 10071 10079 10082 10106 10107 10110 10170 10209 10222 10235 10286 10300 10302 10327 10340 10346 10370 10432 10473 10499 10550 10589 10591 10684 10693 10696 10699 10784 10789 10790 10812 10921 10922 10924 10929 10931 11000 