25445
27473
25219
8893
15109
19273
13769
15911
30549
31269
37
14087
21695
6701
32015
19993
28161
10145
7861
12607
3323
14213
19433
487
14557
12757
25801
8659
2029
19927
21423
26095
17587
727
28061
21801
25963
6105
839
4375
12363
3573
27469
7057
31005
2345
6065
27873
9709
21987
117
25657
32221
20045
2053
30941
16697
25883
1581
6193
5453
2681
29415
17539
22739
11453
21773
18931
17733
30383
17241
1549
11457
32589
14417
23475
10339
30771
2925
8679
22011
8719
31401
3241
27439
10119
32501
4595
3747
18985
31301
23451
15679
12671
26843
26159
26509
27793
8859
10049
21769
13571
26029
2087
11373
365
26319
30599
23413
16579
21811
13975
8623
17687
865
21701
23815
15445
17303
22907
837
25701
11369
2975
30513
24983
23129
23007
3487
391
19735
1867
4295
14501
12737
8093
1071
21605
23359
31097
3451
29001
30303
6277
18653
1855
13101
23829
14959
26583
26679
30031
12623
30835
26851
5355
7383
12607
32603
22889
24969
30051
17747
14171
24971
15061
13461
3395
10071
13751
9725
11635
22351
22383
22537
6967
30241
14301
6113
3269
30243
23745
19857
26483
22689
17787
24075
28211
15299
23443
16905
30669
2963
11757
14369
663
5715
9633
13095
21113
10139
6667
32307
28687
12259
18521
24199
12561
21247
32271
1823
15565
18889
27533
18059
2663
4017
23563
8351
29133
115
6323
7953
19479
13591
25551
26381
7281
23009
7463
28441
10615
6707
15731
20753
32419
13061
19761
25625
6891
5181
25657
9513
9117
10409
8821
31855
2219
25907
9613
1083
1137
17985
8285
27183
26877
14083
19825
11397
7583
23979
6295
16341
21191
16639
28783
6589
14933
1545
4709
25371
25917
10651
18321
30499
25027
28869
22821
15839
25569
18999
12399
6261
32517
19523
14141
12181
7561
15231
13
23969
5143
20563
23927
9979
27069
7373
2979
10089
6831
7433
23277
28761
19585
28791
19927
10519
1335
20893
3563
14967
26727
29755
9275
9837
28429
28327
30005
13097
26467
549
18043
19163
22105
985
29711
3769
15017
26315
15423
17515
30233
11693
24457
32669
2731
21521
21111
23467
19869
31647
753
21315
31417
16009
20695
18343
8343
89
17
10787
20875
29305
25133
15939
2277
19383
27037
31655
10311
13359
28519
22975
10883
28769
6751
25431
16953
9659
31039
8385
23381
23105
2741
26309
19961
12517
26261
10869
4877
22259
325
11867
22123
22261
19867
20671
28927
31271
11301
19517
11887
4443
30095
16603
9267
25509
32079
27097
28097
20657
3675
16293
17175
4293
7447
22153
1039
17813
27333
9379
6805
10527
12061
10099
31835
24221
13437
13995
875
21965
2679
32277
7861
3067
16143
22401
22633
32079
17957
25665
775
21137
23249
11819
1213
20239
3417
25097
3413
10539
30413
6413
22917
9965
9841
893
30483
5659
12887
32595
1637
31253
11341
29879
32693
28089
931
15159
16643
29965
7543
6099
14337
31719
29685
19997
21323
13871
23555
22479
675
29411
15429
20723
7395
869
30265
25195
28067
29317
28271
7935
24773
27563
22789
19655
13567
289
25807
6397
28679
7239
13629
8739
20909
30147
13135
11803
22757
19103
4571
27563
32597
10321
28137
7625
12571
10429
13899
32365
29189
21751
26945
5829
21957
4569
4947
19189
18941
14741
16845
24593
4957
4431
22109
26431
5117
17797
15133
6079
24137
1961
12631
3661
30347
2445
165
23845
13313
30443
20523
19227
25969
32185
19509
5253
12921
7293
31141
13391
12417
7475
29225
4599
19349
10565
9221
6223
25853
15551
3269
15389
32693
1555
6871
13597
29365
3729
12357
26149
31261
2675
10151
1687
2263
7755
12627
2673
22491
6835
9185
709
7915
12987
321
8085
16803
4087
7403
31895
11839
18377
2699
977
30185
9533
24425
9485
22025
16507
5399
18181
3345
29715
13003
24859
4231
26399
3931
5203
12631
28733
27341
7057
22521
21397
1721
4635
24317
8949
24073
24373
13031
9951
24505
18255
32269
19343
25577
27201
20365
23629
815
3515
15853
10291
27155
37
31403
6151
6745
20651
15769
15113
14115
9173
27721
30499
12109
8409
11111
17561
18721
3199
19419
12737
2363
15005
1095
27111
29055
4505
9301
3061
19147
28057
945
27041
23795
333
16237
16793
14119
23195
25811
9731
26753
7307
8343
16157
25115
23085
4469
22145
9293
20663
18979
5313
23501
21899
9793
25597
31491
27985
15091
21273
5175
10223
22629
20167
21787
15301
22979
28165
763
14743
12579
15955
30125
527
6149
3289
18561
525
5545
26231
12161
19821
9773
4859
21509
29357
31183
10315
6591
22967
19033
22465
21201
32699
19135
25457
16325
19141
24673
16733
31823
26665
15013
23271
13417
339
15399
11389
12057
2323
1459
25305
5901
25051
19229
29701
21557
18461
32619
13051
1463
15391
22705
22219
16647
4437
16093
2969
29449
24123
8055
17255
3387
15841
29265
31741
29181
18541
16723
17189
12921
31543
25207
30315
12015
6651
13631
20569
13017
3849
27185
11005
1683
29825
25587
8269
28987
1365
25445
1345
11673
9335
25371
17121
31311
3047
21751
7039
32285
3779
10703
23449
19131
25155
16517
7569
28795
30859
24799
16671
32023
31865
25417
29949
15797
27583
18155
20713
17917
25777
29637
10729
31271
4919
23395
1847
27115
26475
831
7329
19351
21805
1445
3883
26697
20895
6007
26987
13881
1007
3323
10785
11035
28781
27167
14283
4093
14807
7819
22451
13885
19999
16043
10615
27639
561
21373
13405
18691
21625
25509
22401
9131
5561
19153
717
9165
4593
18025
26893
26773
14291
18261
30561
8705
24921
30623
25473
7223
3417
8477
25079
2679
5665
11459
9517
20515
12563
19837
19581
23797
15975
19423
17021
4565
4599
26069
985
23217
31133
9261
7415
7763
8459
31211
30837
20691
5013
10459
26691
20959
11123
32245
16739
31787
23243
13617
7895
17385
12641
12113
7657
9881
9743
2079
13267
28113
13773
21295
6189
20973
29299
29545
16429
9867
9507
24693
31467
19109
18573
12937
30297
973
7947
27953
1765
21149
29081
32453
26453
5789
29983
28843
15253
20907
7389
32025
6239
20045
8759
24201
11785
8409
19269
13303
19737
7433
3029
19305
23831
27595
27413
9337
26679
5305
10331
13373
1341
26635
26685
5421
11875
17121
16307
7641
16913
11567
1553
10579
2197
30765
3875
14873
