971248365
1132231005
954072591
118654845
3424681971248365
1132231005
954072591
118654845
342468141
557230605
284419341
379787607
1399953741
1466719341
2157
297707607
706074615
67375197
1537536375
599640045
1189647357
154411965
92716557
238442487
16573455
303056685
566520525
357207
317903037
244149837
998614797
112493391
6181341
595687767
688481655
1021501815
464006607
794967
1181213757
712990797
1011193935
55924845
1058391
28724055
229302735
19160205
1131901341
74723037
1442058045
8255565
55194525
1165439805
141426141
725208207
20877
987499437
1557385917175
3754077
57548445
44619165
10789677
1297951175
3754077
57548445
44619165
10789677
1297951575
461477391
775661391
196791165
711160605
537630927
471742125
1384781175
445929837
3603741
196928637
1593162141
311818077
826683855
160373391
1420373967
12842205
113013591
726792207
114057591
1479128397
15765837
1129430391
153621591
1584569997
31684815
21071247
540702285
1469722797
824994447
368793591
240869367
1080900495
1026518391
1054170141
1158759645
117749391
151503741
710899341
276298767
1016341341
6539607
194051805
200925
1039113591
1404539991
8223230858007
1124925
706465197
850802775
357868365
44918007
1124925
706465197
850802775
357868365
449142615
787164687
1053357
990889197
193915341
13284855
1396656285
936300375
802495341
794052087
18249207
230487
584264535
5234127
27683415
315461997
243384957
98269245
1723767
700228845
818534391
1450628397
17874447
1261673997
1377498615
59119917
521957565
5167095
257493597
851803341
335702391
1060063575
1067733591
1352881527
239048055
1426288335
1081544847
43030095
81785175
238442487
1594531215
785928141
935251341
1354684047
472487247
301268367
935401167
34029572605
203094735
749417847
751565175
761942157
722605
203094735
749417847
751565175
761942157
72829527
1371867837
306820797
56071485
16039341
1372049295
845808765
591510237
1052103375
772254141
474619407
869480655
1193875407
351134991
824431695
428719245
1410973341
13177935
207375837
309745341
661335
49008975
139220925
257257815
668701485
154229391
66693327
1565710287
1234502007
225461391
514596717
878459991
236705757
677216247
1562222967
4990455
363450525
535248141
1137181725
489245391
10645335
24216477
832893135
104633847
1273184925
20175
59989455
94899541277
794190141
83566935
1213421037
169049175
541277
794190141
83566935
1213421037
169049175
67495887
371243727
646092765
1576584591
255923757
585804957
985037805
71249487
40279677
987499437
135774285
124706877
162552141
116741517
1522207095
7392591
1006836687
138643485
1762575
1942557
485244285
102986685
1108454775
1083640317
297538575
589605405
194871597
86275575
862560591
59459415
400591437
673651287
415334391
1242777975
65142141
334536525
3585165
33276141
965607567
1007614077
170197647
503543517
1395374991
939601167
1250215341
781265517
376358391
9
571779855
299994237
222601677
85775757
34802072
571779855
299994237
222601677
85775757
348020727
285
861841341
39691095
634317135
858823767
149400591
1099177341
81563805
13320591
152712141
70014327
82896525
812797917
1240878957
575417085
1243468887
595687767
166005591
2677335
654838845
19053135
336061527
1071578967
1328129295
129066255
145179357
1212397341
1203713367
1350540045
257336397
1050832527
453741
488378895
550888335
733012845
1458285
1324204407
21319341
338310477
1038797775
356849655
460215375
1371142125
205124445
897290637
1600993341
11195727
7
852765
681557775
1480636077
384480141
642486617
852765
681557775
1480636077
384480141
642486615
504753495
104433495
12141
477
174571407
653711055
1288262445
947576925
381125391
7783917
563609175
1096580157
1503153495
159506007
267734391
1220085591
791844855
177692175
1241569341
68384247
970179927
431157165
139973391
1445222391
105487485
820076877
800830845
11277837
1038324141
597722157
235050477
1034538957
177235341
35692317
743261391
159405
211274127
734207055
743394957
592106127
640997367
1255243767
1466906967
191602797
571428477
211986807
29623695
11
1101452397
1184246397
640129437
20269455
398241
1101452397
1184246397
640129437
20269455
398241645
442522455
27657645
83209047
736199565
1622391
476007885
1120721325
131976591
69482445
166258167
218237757
153014991
1520296335
880057917
270869757
293832015
1151055
723757725
10773591
1562803917
92716557
14118927
390943095
752774397
768446925
1543689591
483734637
988115325
903255
670222557
810843741
209568591
2210685
614486391
17524077
944864397
17483085
166637391
1387517085
61709085
787852077
148981725
145297437
1198845
1393911375
48053391
249150807
1593603346445
1183572141
1302927
344738391
41553409603346445
1183572141
1302927
344738391
415534095
1346941725
85367895
55814991
308367357
1509237591
1321887885
599879997
682069455
288648567
832327695
758025591
685455
1297598607
357127341
644226255
82051215
1135341
1374046125
952257615
1181718927
1289317677
1198958967
94470135
920626605
1139661135
779076141
579537495
276135927
126141
999079287
61401597
1233813591
78626391
278665341
114581391
655842141
1363352847
258831735
209001615
776889837
547444215
31354767
1139661135
1593944397
159815517
1187620557
87231278084141
709724247
1089130365
50983341
72323061278084141
709724247
1089130365
50983341
723230637
31327341
36724047
552384141
538199037
325989837
425681565
907297245
36872637
29463927
733278141
1047975927
39290877
475153197
343556925
55449591
873964557
5774157
239351127
20115357
1381501647
8974365
41325
852947565
265893885
1390255695
631851855
554573967
1011661341
1553907885
570960141
41406765
250467117
79803645
1454736237
269018487
231310077
83835855
1281238605
31739991
561633741
167460525
127567917
58107255
1002643965
362797047
16039341
355278141
1603869341
229080237
1025733741
1465968957
10741455
869341
229080237
1025733741
1465968957
10741455
154594647
4274007
7688535
90233295
239199567
10725405
758835087
70096335
126573885
756141
93994575
253032207
155517
98075085
423561615
25067607
82228815
1526032215
210278391
506626317
10934991
1434717
1366791885
136345725
894944205
134976285
727717005
408771087
43739991
495877677
16793565
1324560975
253656015
927029391
26864727
1045439991
23190927
40622415
239351127
1238464125
1121377437
74723037
760860717
686811597
4447917
32238735
887047677
120153741
86933622295
1562029341
561285495
981351117
1109923197
62295
1562029341
561285495
981351117
1109923197
622160925
837565341
998775
18543375
377023965
158887887
1106172495
2157
1479316815
56770647
68262765
639757647
373039341
342649485
298892175
126243405
1152763917
1395374991
219978141
106092141
185214807
462635757
525769917
15359991
565704591
243384957
8382735
337770045
1801815
1102590807
1266376695
30456045
129790797
14063757
549968847
1180877037
1342365
1096904637
849374415
167325
395508957
423057645
299061591
807081615
999389007
142067727
1073664765
80110287

735667965
129567645
640501335
540360591
423578
735667965
129567645
640501335
540360591
42357885
828515997
719414991
143883645
982886397
1487619087
1174824285
341652687
678874605
40186455
156795255
768175341
610122327
712075407
351226797
792120591
1189985325
875535
326078295
237384591
381890895
1361363805
418167
56733741
16236141
516821757
415005
46137165
1032176727
221871357
589367517
143296605
35429391
694020141
1292838237
1458662775
159629775
65181687
791293527
543439725
757081725
674287197
1603934991
549279735
972164637
399807405
549624237
91320940578967
270064077
173391
355739991
194598141
218078967
270064077
173391
355739991
194598141
218093037
8101455
3197391
960590445
52250397
941404047
554689341
1323313197
697121037
511268157
1596096591
255532047
3214935
355370487
773343645
740592591
415733847
29543757
388525245
13231341
1300953741
872951055
97348695
446654295
17217807
376453437
1284748125
1511331837
1277383677
515708637
419538255
443244141
250467117
1492535895
953164887
1378589775
216576375
66373647
278747127
634687341
254202477
22233741
1108617885
181698045
4253775
1334385405
982118607
102523405
130741335
965607567
439744317
147066200723405
130741335
965607567
439744317
1470662007
13935447
709724247
74342391
1563578685
21432591
171863415
824853741
549050127
949236495
409266477
85957341
1243814415
1428509391
922559991
416933367
1538304855
1523162925
969112077
1345503741
374365197
1141315575
494460495
643604685
481582077
996757917
1317616557
172699341
1466906967
36309591
821059215
5122647
1102916175
1051467855
1038327
80593341
561749847
713252445
3136365
22628175
1069174797
654964215
54144087
1092528207
289064877
1524087
16573455
17450668541245
328915287
91728591
756138447
289231485
5941245
328915287
91728591
756138447
289231485
599999991
386114895
169049175
1145954391
473757
685271805
269581245
524086287
701525805
976140141
752774397
125090127
46403757
550313565
773277
126023325
31657245
487405005
1084930845
1075270605
306391887
500250957
1401053757
113691645
931659117
1406744055
973387005
78279255
17524077
107814717
943509591
10773591
48155325
196997391
135888477
631359375
236781135
590319357
575182077
849517197
382848855
565937655
434622717
31272525
31739991
1019467341
1458285
80861327391
1461283407
1426473357
642238287
37710285
7391
1461283407
1426473357
642238287
37710285
164117391
1068694287
658982391
185615055
1559706765
420341391
1515715407
810425295
278174877
93520215
453409485
239730237
220123485
87967437
146480877
142418295
6489591
264059727
1185595485
284584605
680279415
57474141
659863005
1287734991
1309449165
404917341
146066127
135603087
914690445
1485352527
547788141
517490205
251087757
1376953197
1423005
94756047
1172139165
4678125
670983741
1268644077
1579893165
1049721165
50286141
1348560375
1247964495
349026765
655115106391
878605197
208364685
1115106391
878605197
208364685
106092141
556999341
265494615
584382957
82896525
13771341
559082445
851946327
1142308815
1127291085
130797357
1067733591
42230445
160125327
268295805
2701437
1064214735
1068213885
44097117
211559055
439744317
398926287
87600237
429125085
200727927
3622365
167904591
7246797
1419820125
22535055
331853805
